第一段
21 21 21 21 2332
21 21 21 21 233(5)
  
(6)(7)155(7)1
(7)1 31 (7)(6)1 5 32  ？

21 21 21 21 2332
21 21 21 21 6531

(6)(7)155(7)1  
5544343  12

3 21 2333
(5)1 565 35  ?

(5)2(7)1(7)11
1243 

156 65 434
(5)45 332(7)1
124 11(6) 155 32

3 2121 2333
(5)1 565 35

(5)2(7)1(7)11
1243

156 65 434
(5)45 332(7)1
124 11(6) 155 32

1(7)1

第二段
21 21 21 21 2332
21 21 21 21 6531

(6)(7)155(7)1
5544343  12

3 21 2333
(5)1 565 35

(5)2(7)1(7)11
1243 

156 65 434
(5)45 332(7)1
124 11(6) 155 32

1(7)1

间奏
[6][5] [3][2][1]
(667) 15  [5][4][3][1] ?存疑
6[6]  [3][3][2]
  
第三段
3 21 2333
(5)1 565 35

(5)2(7)1(7)11
1243 

156 65 434
(5)45 332(7)1
124 11(6) 155 32

3 2121 2333
(5)1 565 35

(5)2(7)1(7)11
1243

156 65 434
(5)45 332(7)1
124 11(6) 155 32

1(7)1